navn pris huspris gruppe leiepriser(fra tomt til hotell) plassering (overst er antall aksjer)
22
Holmlia 600 500 0 20 100 300 900 1600 2500 1
Torggata 600 500 0 40 200 600 1800 3200 4500 3
Bjerke 1000 500 1 60 300 900 2700 4000 5500 6
Gronlandsleiret 1000 500 1 60 300 900 2700 4000 5500 8
Ringgata 1200 500 1 80 400 1 3 4500 6000 9
Sagene 1400 1000 2 100 500 1500 4500 6250 7500 11
Gamlebyen 1400 1000 2 100 500 1500 4500 6250 7500 13
Sinsen 1600 1000 2 120 600 1800 5000 7000 9000 14
Kirkeveien 1800 1000 3 140 700 2000 5500 7500 9500 16
Ekeberg 1800 1000 3 140 700 2000 5500 7500 9500 18
Pilestredet 2000 1000 3 160 800 2200 6000 8000 10000 19
Bislett 2200 1500 4 180 900 2500 7000 8750 1050 21
Grunerlokka 2200 1500 4 180 900 2500 7000 8750 1050 23
Bygdoy-alle 2400 1500 4 200 1000 3000 7500 9250 11000 24
Bogstadveien 2600 1500 5 220 1100 3300 8000 9750 11500 26
St.Hanshaugen 2600 1500 5 220 1100 3300 8000 9750 11500 27
Karl-Johan 2800 1500 5 240 1200 3600 8500 10250 12000 29
Nobels-gate 3000 2000 6 260 1300 3900 9000 11000 12750 31
Aker-Brygge 3000 2000 6 260 1300 3900 9000 11000 12750 32
Ullevall-hageby 3200 2000 6 280 1500 4500 10000 12000 14000 34
Huk-Aveny 3500 2000 7 350 17500 5000 11000 13000 15000 37
Trosterudveien 4000 2000 7 500 2000 6000 14000 17000 20000 39